0.0 
0.1126666666666665 
0.30040000000000006 
0.4551190476190456 
0.5653404761904748 
0.6435857142857138 
0.7024443001442999 
0.7407670274170272 
0.7781515373515376 
0.802087465312466 
0.8203554972804977 
0.8321965802343508 
0.8389094653282726 
0.844830491833587 
0.8498573416263825 
0.8492468738320356 
0.8533050279421746 
0.8558110450207721 
0.8554566857988157 
0.8546597933457324 
0.8537757758886365 
0.8531009706356808 
0.8514724123673487 
0.8537737930570711 
0.8542834676579864 
0.8513803524908958 
0.846627064921248 
0.8414129131263908 
0.8392275871197729 
0.838134980976657 
0.8391666215198522 
0.8363749740977705 
0.8337017052191937 
0.833816888222439 
0.8314870409498452 
0.8297240475820824 
0.8296422686143973 
0.82926296732071 
0.8274651625829947 
0.8257457689289354 
0.820690834731364 
0.8194390366760245 
0.8178586948647496 
0.813853099867491 
0.8080921506286028 
0.8067579507675338 
0.8038322861151238 
0.8000666087003443 
0.7964796028481306 
0.7921794295306498 
0.7881312152538429 
0.7855900061339818 
0.7805071696924761 
0.7748693712071028 
0.7711425665385395 
0.7650221820382485 
0.7593114770712093 
0.7517017711399022 
0.7478827885329276 
0.7430293321959968 
0.7383974055875987 
0.7328520349404829 
0.7248482121546355 
0.7161417256083281 
0.7079782849180001 
0.6999015620382865 
0.6930076990109146 
0.6873108255717506 
0.6794763355136065 
0.6729771958260035 
0.6636939632333007 
0.6560390909213695 
0.6522158010511294 
0.6443216363831241 
0.6335752273346912 
0.6239171596368209 
0.6169998984386934 
0.6114323854382478 
0.6035023690150951 
0.5920659246615778 
0.582551877601815 
0.5733000156193281 
0.564133513428397 
0.5562421809974143 
0.5477898005545618 
0.5423697037304135 
0.5297183289506443 
0.5206656524339179 
0.5137115045633317 
0.504464091421592 
0.4979176377287782 
0.4894402024085998 
0.4817210781812359 
0.4719876432725507 
0.4646736757042237 
0.45739468605537453 
0.4481762576678994 
0.43729117679107465 
0.42977341145481196 
0.42393931682308456 
0.41624210580315196 
0.4046017555650193 
0.3961257625753084 
0.3859728531662991 
0.377583181209947 
0.3687744086481803 
0.3627109257211733 
0.3551588090738899 
0.3454338110358203 
0.3378440340696495 
0.33173016664297156 
0.3236554943126069 
0.318222728514367 
0.3115277025650903 
0.3043472913633877 
0.29628519695970346 
0.2898927204580152 
0.28318516322434656 
0.27852214348982957 
0.2731540027425709 
0.26799896210115665 
0.2612562734342296 
0.2555483964939106 
0.25021133119988864 
0.2446597100326202 
0.2385849861765401 
0.23374245126588744 
0.2296934376251731 
0.2254659504224613 
0.21998141127885232 
0.2154523941878709 
0.20952102740722253 
0.20401925112634797 
0.1995548839277547 
0.19592445362413516 
0.19140773458361235 
0.18621577464702416 
0.1833815253517761 
0.1791214634043733 
0.17528353583636624 
0.17005742573855367 
0.1660710879032844 
0.16254532830477447 
0.15834717209754404 
0.1534423551113659 
0.1507804583052623 
0.14827143565845993 
0.14517800093105723 
0.14099632954941274 
0.13716209882118693 
0.13438665467220495 
0.13127693015832842 
0.12850296545240272 
0.1256626283784396 
0.12165123243909123 
0.11740674989220573 
0.11400714997209384 
0.11057471401306347 
0.10779459137922802 
0.10487685020318988 
0.10221011540435329 
0.09879909739226765 
0.09534735071485609 
0.0923789362555836 
0.08970351749334471 
0.08753764237694361 
0.08542334815167636 
0.08244661669682003 
0.08000286102947343 
0.07765060824056141 
0.07588970029136309 
0.07340584418885983 
0.07118724002224908 
0.06928423418767103 
0.06689712391872754 
0.06499722413600473 
0.0626725501991134 
0.06067423249331105 
0.05938708863198379 
0.05767245652051707 
0.056074186760844066 
0.05430736160499199 
0.05255029778927009 
0.051426339896996444 
0.04967089895946794 
0.04829490968672415 
0.04683569992902641 
0.045678314464276976 
0.04456937298221228 
0.0433229530937821 
0.04219693784206726 
0.041124775509254516 
0.04019744213137976 
0.03913221695341367 
0.03837807268328623 
0.03758946798335399 
0.0369030819143493 
0.03605720541531501 
0.03477931112299199 
0.0338062285323755 
0.03317778647177682 
0.03218627162529218 
0.03133728830877326 
0.030610519333599782 
0.029894100356469278 
0.029027571306372808 
0.028197637271336597 
0.027426323821918622 
0.02673986954627064 
0.026167843557378993 
0.025487918002982668 
0.024940327477226156 
0.02455523532332638 
0.024021733348820788 
0.023545885108027135 
0.023160808859298623 
0.022826856531315567 
0.022350556393255904 
0.02208201987370446 
0.021539610087105247 
0.02098426459058665 
0.020555641366369344 
0.02041204393653325 
0.02007821322817732 
0.019842906218088235 
0.019529800248198982 
0.019310314884399372 
0.019049648174465618 
0.018788013289661985 
0.018524417647709544 
0.018148063699759 
0.017804716304189554 
0.017443242921780875 
0.0171382068495045 
0.016734632167371036 
0.016429025008126596 
0.01625835013410323 
0.016309372932348017 
0.01611415171147643 
0.01593015122998895 
0.01571587154443152 
0.015355194931992668 
0.015115945817490695 
0.014924455357755467 
0.014612404538154506 
0.014344385380137827 
0.014094786312149126 
0.013729883658764814 
0.013465380145387569 
0.01337270030601086 
0.013201259017952847 
0.01293674269336962 
0.012749324995543206 
0.012554585248113327 
0.01233410649943704 
0.012244129238119388 
0.01193245011154155 
0.01150983565938357 
0.011407968905042155 
0.01116569117122647 
0.010814892870189585 
0.010630646946549607 
0.010373881780612638 
0.01017150883848171 
0.010077512500224562 
0.009755755382428535 
0.009471454779196961 
0.009282892220473965 
0.009022145720985338 
0.00885328138211869 
0.008709463928648005 
0.008502303024850392 
0.008280010028335913 
0.008152254540548375 
0.008038117368581075 
0.007939879727964673 
0.00793099334313881 
0.0077091392874493745 
0.007691411380258351 
0.007532232476195246 
0.0074619616409581785 
0.007320923655748639 
0.007140177747545256 
0.0071380004605673016 
0.006960463025033361 
0.0069353134509451105 
0.006970150911622578 
0.006808924611698959 
0.006696952013717042 
0.006619780892428369 
0.006559004188903274 
0.006513609978687733 
0.00654009109792391 
0.006504488500023757 
0.006510684472967452 
0.006443953370387471 
0.006450394171921563 
0.006481238524657442 
0.0064800195154975275 
0.006529959997926143 
