0.999 
0.3392004984896531 
0.33737200969653847 
0.36372855065744547 
0.36221102994203397 
0.36646868556442985 
0.37285516159818183 
0.3673130216986465 
0.3488846074529194 
0.3436797700184349 
0.33447323516340605 
0.33019380935301534 
0.32532933339636533 
0.3150177139509708 
0.31072561799483045 
0.2997009499937771 
0.29371738484318716 
0.2864558722643872 
0.27800315162715433 
0.27239234019295494 
0.2648823055073314 
0.2611083178222949 
0.252357960781534 
0.24609713760712776 
0.2400554857812259 
0.2348459895922348 
0.2266852027315713 
0.22087779524556186 
0.2146654613885125 
0.21089378944030257 
0.2029437185920167 
0.19870489757405185 
0.19454990262823013 
0.18951614303247055 
0.18525467708529691 
0.18088545631258893 
0.1771075140772198 
0.17108783969350008 
0.16680312280417442 
0.1619272822879347 
0.15779326869615537 
0.1538227901849029 
0.14904314547132583 
0.1439939270392515 
0.14115126332500555 
0.1379117593497954 
0.13445655876202842 
0.1305907585614892 
0.12673971969932182 
0.1226247490353788 
0.1194694908480916 
0.11645626018444043 
0.11389683198636046 
0.11118053491647299 
0.10894532319745658 
0.10681858077898411 
0.10415116978124775 
0.10235603413477667 
0.10033381969513672 
0.09749591722633442 
0.09526920253160455 
0.09335657439165321 
0.09144878421560433 
0.08949317849014769 
0.08736455086262296 
0.0857602699728012 
0.08314800328152201 
0.08175177949347973 
0.0801981169216874 
0.07803817614549027 
0.07664037053702535 
0.07534577674098342 
0.0735901979736559 
0.0722851910688104 
0.07145799292212755 
0.0701093526058804 
0.06853953287912767 
0.0673446706326804 
0.06590140179055483 
0.06510630382161049 
0.06360594137421385 
0.06256571867343255 
0.06116243642952896 
0.05989051553966699 
0.05843888329129545 
0.05757396450447843 
0.05676452822053272 
0.05582513902798439 
0.05472026033892823 
0.05410151416142854 
0.05347624470198008 
0.05204328108703099 
0.05191268352684901 
0.05124268005336524 
0.050410979825045124 
0.049307523044384745 
0.04842159455940372 
0.047968832622306404 
0.04745023888401283 
0.04685001539337785 
0.04646062039130299 
0.04573510456386189 
0.045131491537944025 
0.044394542392511484 
0.0437553431420395 
0.04333422110284622 
0.0425995761168714 
0.042225964969463924 
0.04175794056760327 
0.0408986230366139 
0.04034763260653573 
0.039983473390667844 
0.03939044171739283 
0.03897314872908969 
0.038376268838234376 
0.037939606720889016 
0.037419951870324895 
0.03693971108139798 
0.036549189364313305 
0.03590817024686249 
0.035673085061310644 
0.03529247758702003 
0.03506145149310729 
0.034809060690548316 
0.03429932898925377 
0.033905757108509293 
0.03342703664550769 
0.033097270267680265 
0.032616662909973705 
0.032514488032704666 
0.032193352496269236 
0.03182429698592235 
0.03159970284551847 
0.03117300216182222 
0.030934977543676814 
0.030721382156475744 
0.030523719369868838 
0.030272983413726876 
0.030136314758391458 
0.02981532551212237 
0.02968549362275437 
0.02934457134645715 
0.029111443111002697 
0.028824753606652504 
0.028532663532202067 
0.028202756697168756 
0.027939103047698536 
0.027746252462833482 
0.027593346540510197 
0.027382100350550515 
0.02711015730462721 
0.02675160541496686 
0.026459384340109207 
0.026183004074660163 
0.026021768017857227 
0.025914922526544367 
0.02568440041317099 
0.025461931286747234 
0.025192298778916586 
0.025019477800985526 
0.024778537174471774 
0.024607153482224434 
0.024375930584675284 
0.02406240574910613 
0.02388592424222478 
0.023642178930950636 
0.023469629896829606 
0.023308794794428437 
0.02301030168582715 
0.02286502265180504 
0.022811648825946548 
0.022480567365577627 
0.0222478834560362 
0.02208735293551755 
0.022000603175057695 
0.021883335211893732 
0.021741271969060665 
0.021680307988153825 
0.021449731421310004 
0.021176718363387904 
0.020977141830396336 
0.020840097501703177 
0.02068692172855168 
0.02055105533213347 
0.020463841063219523 
0.020482272555069465 
0.020388670149336697 
0.02030755970693103 
0.020242373539749243 
0.020098522224761415 
0.01997804013024635 
0.01981445858551749 
0.01973922309517572 
0.019676795167716345 
0.019622417827438766 
0.01952942973495907 
0.01940848069375073 
0.01943380297752662 
0.019221154211607885 
0.019038321926892993 
0.01893055270821985 
0.01874698772915214 
0.018624849159558463 
0.018507484855352092 
0.018326541854868986 
0.018204982579587158 
0.018111624348161656 
0.017957168667887727 
0.01782982526998298 
0.01783903268870032 
0.01779256301291263 
0.017687723622611812 
0.01759649756887144 
0.01751858176231722 
0.017465140025566227 
0.01743118717641166 
0.01732102671826751 
0.017281108411799435 
0.017205995871720815 
0.01714823833848319 
0.017072956446134355 
0.01691743665523089 
0.016853381850379018 
0.01679803309975776 
0.01675323957201913 
0.016598352393277387 
0.016482545411014776 
0.016479076944314452 
0.016356391956379227 
0.01632257505678528 
0.016280316818587045 
0.016210872412647404 
0.016175853933260233 
0.016114353289928506 
0.01607502309436738 
0.016046415159760855 
0.015967944661270855 
0.015973259074374406 
0.015894067173337835 
0.01578497218485513 
0.015735786777752482 
0.015636017832309314 
0.015634164330996257 
0.015595328104807463 
0.015486454668156428 
0.015516075731261082 
0.015464372996156673 
0.015393442731466297 
0.015334834616496418 
0.01530722040448243 
0.015306383379486381 
0.015221957993123689 
0.015180856562618038 
0.015042755184682833 
0.014950611026840208 
0.014966809630918022 
0.014909750615163484 
0.014953641796119552 
0.014942535994613315 
0.014840072261055492 
0.014809541542068476 
0.014688412621762664 
0.014652286805372144 
0.01465391393463718 
0.014639434014315262 
0.014610894250878156 
0.014576941798884115 
0.01448347965911695 
0.014467421652525386 
0.014320667528411801 
0.014305389051329826 
0.014288589507164873 
0.014128420755580207 
0.014158122028943064 
0.014131347945108279 
0.014165662246730906 
0.01415038313555 
0.014121312883675534 
0.01405903392718227 
0.013985773090467411 
0.013908997238061317 
0.013852330862507046 
0.01384576219051481 
0.013749311374639904 
0.013734169421195043 
0.01372613527796389 
0.013699837287879353 
0.013594757142578958 
0.013565662543070952 
0.013592211851838716 
0.013610807467805972 
0.01357269257371179 
0.013472407890590425 
0.013470227226658246 
0.013409347802968433 
0.01338614702124222 
0.013338205395145183 
0.013326958133372317 
0.013340410438623062 
0.01331580141530792 
