0.999 
0.4252512745779976 
0.41588284043988616 
0.4359313526579693 
0.44393967091080627 
0.43751318033037784 
0.4152382920539312 
0.3932502617469113 
0.3795534810893245 
0.37537363138943464 
0.36080423223354435 
0.3499158149426687 
0.34046378248699083 
0.32676822381023773 
0.31740648937110105 
0.30188476555177285 
0.292010006930391 
0.2749601249346306 
0.26808664625054734 
0.25664377040458713 
0.2422939330038448 
0.22697395154257877 
0.2183518243698273 
0.20603126531368515 
0.19596672736099105 
0.1884610597195751 
0.17825211142259526 
0.1708485608212667 
0.1616849848851148 
0.15127140448769924 
0.14524316788894376 
0.13758090816634178 
0.1319719659453784 
0.12662602522157082 
0.11954923904479764 
0.11231070132499868 
0.10880401555963938 
0.10202065385815133 
0.09933836173901786 
0.09647314748979552 
0.09341163043521508 
0.0881331711278457 
0.08426114363529931 
0.08069627341799256 
0.07828593578655763 
0.07556191820043129 
0.07325402426597256 
0.07064167403590546 
0.06865082840680332 
0.06639973223204239 
0.0638637242090966 
0.06174682611384415 
0.05969273191620558 
0.057954175394091485 
0.05668382139208344 
0.054777536651020475 
0.053398570693324425 
0.05130061439394226 
0.04950112062838559 
0.047923974473974125 
0.046849911487660226 
0.04564495387073421 
0.04451332532433789 
0.04280319945015426 
0.04161500415723363 
0.0409038669012358 
0.039979849237278306 
0.03892454417371766 
0.037980578993160916 
0.03702039874203985 
0.03558929900479655 
0.034968058538438936 
0.03449533078618189 
0.03364268958174314 
0.03294881267291738 
0.03263364382428106 
0.031513998113905387 
0.030379908273565653 
0.029574273447726427 
0.029035815289992915 
0.0287379248477207 
0.028087321297996175 
0.027418226606554068 
0.027193031858063415 
0.026732216286723648 
0.02597513182076955 
0.02544010247949333 
0.025099780124671033 
0.024560100204723337 
0.024034551983946384 
0.023702651063597816 
0.022972160507845403 
0.022654442292675925 
0.02223351624532452 
0.02203265922657659 
0.02130220990921962 
0.021191414491400242 
0.020780090680444632 
0.020456349193783554 
0.020202552934390446 
0.020004247223599832 
0.01950105185279478 
0.019002930709407603 
0.018562894050204018 
0.018229501278450563 
0.017885952680844495 
0.017657068781751 
0.017829602565379233 
0.01771812765877023 
0.01745125783058374 
0.01738908654123815 
0.01697946207885341 
0.016817661042476922 
0.016805435869340996 
0.01649746191565135 
0.016220684006449992 
0.016075348944465478 
0.015990428224248746 
0.015774004930734723 
0.015629360402998563 
0.015504631849915348 
0.015342883623749864 
0.015346257504863634 
0.01508774307125788 
0.014962893571226566 
0.014779713726364113 
0.014567186092582462 
0.014476651475765398 
0.014068283814672294 
0.013826226886118457 
0.013649583243987967 
0.013586655538222253 
0.013472420150593137 
0.0132861921661944 
0.013064960303175483 
0.012932790325799552 
0.012758131659045187 
0.012773227559704732 
0.012659691041128933 
0.01248961682503789 
0.012434542816705132 
0.012396776027211398 
0.012384280129887994 
0.01216178636446884 
0.012207413690455197 
0.012073194589628994 
0.011830878761012154 
0.011658410481918013 
0.011621102102963007 
0.011573831195319276 
0.011535615062829229 
0.011588987411012568 
0.01137064802358269 
0.011351592145182691 
0.011145879681391729 
0.01110373218656107 
0.010911407919088314 
0.010857923234661379 
0.010822881785615085 
0.010720364606313875 
0.010611191706082884 
0.010688425325109515 
0.01057194748782563 
0.01044556586126529 
0.010500852167176316 
0.010368768993648978 
0.010214703359604413 
0.010233501763769203 
0.010235484060915056 
0.010104775912020195 
0.009998553197679408 
0.009845923562157273 
0.009743700382220492 
0.009684387987011754 
0.009711696039097245 
0.009547360395857522 
0.009475840992955243 
0.009418675767563441 
0.009489957383142369 
0.009562912024924675 
0.009514900761751674 
0.009361180810625383 
0.009301685382424598 
0.009218046622976562 
0.009182521081620631 
0.00902938018661706 
0.008959677802567996 
0.00899078600222644 
0.008876328688943476 
0.00893435932613384 
0.008954708971626748 
0.008916690037293788 
0.008908215443487211 
0.008880050350940076 
0.008898369917292086 
0.008880718574374547 
0.008707564504037544 
0.008736683480384361 
0.008590760312747903 
0.008637073919236004 
0.008551267906642214 
0.008454593330822565 
0.00848999585135851 
0.008385057064708925 
0.008389099128955715 
0.008374345484093859 
0.008397719142712649 
0.008548908707344077 
0.008406451321408718 
0.008280720013071197 
0.008340567065233869 
0.008344430708974716 
0.008290915493226744 
0.008248274385243283 
0.008171908672837819 
0.008224978530655215 
0.008183081280715453 
0.008211751128040089 
0.008120971737229823 
0.00804862675376562 
0.008000304610408515 
0.007928098468080793 
0.008005606599092774 
0.007971645233319967 
0.0079898850028864 
0.008019666385367972 
0.008006250127549894 
0.008056923089529692 
0.00796484625720504 
0.00787897061498566 
0.00788846755198708 
0.007916966769696875 
0.007818074253483869 
0.007755043825154932 
0.0077829813817622785 
0.007757364904018623 
0.007703189591646325 
0.00765529711730286 
0.007693211901008801 
0.007587944686190745 
0.007472673153063916 
0.007444741342775394 
0.00749437982228933 
0.007407763499509426 
0.007463867246285617 
0.007455379774606352 
0.007282960278259228 
0.007275966037769465 
0.007390966088914513 
0.007280642908852369 
0.007240979641412926 
0.007243384398203548 
0.007249675455453431 
0.007275304486249208 
0.00725908337216286 
0.007266333443542229 
0.007236560513083576 
0.007190710457570962 
0.007126854916460909 
0.007091408091953231 
0.007177957316194025 
0.007161662672488237 
0.006985874575908637 
0.0071864965654436916 
0.007184103559418529 
0.007133214735857592 
0.007320398848181728 
0.007215403929282324 
0.007176639435636255 
0.007112688429712062 
0.007174001751169615 
0.0070318961946556945 
0.00721658895784116 
0.00712185596232211 
0.007148272850519011 
0.007069582140394931 
0.007048799901716535 
0.00704047540274821 
0.0070692987669837 
0.007060756510908671 
0.007101366978872534 
0.007200130165193255 
0.007105154675872547 
0.007063224075814003 
0.007106279043808047 
0.007134974068418587 
0.007117665188049709 
0.007101155190673302 
0.007084562871263096 
0.007011329447255721 
0.006899677883875735 
0.006861826816076206 
0.006825961113153216 
0.006809752423118271 
0.0067463595897345125 
0.0067339519996579104 
0.006724916311610062 
0.006721790182243195 
0.006772393897272751 
0.006792302964704404 
