0
0
0
0
0
0
0
0
0
0
0
0
0
0
0
0
0
0
1
5
7
11
12
28
52
52
96
111
140
174
205
210
260
318
340
355
394
332
398
361
405
388
344
352
311
337
302
275
251
254
214
198
173
178
151
135
111
111
112
91
92
82
79
62
65
56
43
52
36
28
32
26
28
29
25
19
30
27
19
17
18
30
16
16
15
14
11
11
16
7
6
12
9
6
14
8
8
9
12
7
4
11
3
6
5
7
6
6
6
6
5
4
5
9
3
5
4
2
4
1
3
0
0
5
8
7
2
3
1
3
5
4
3
1
5
4
3
4
4
2
4
3
1
1
0
1
5
2
3
2
2
2
2
0
2
1
4
2
1
0
1
1
2
1
5
1
2
1
2
0
1
0
2
1
2
1
1
1
1
0
0
2
1
0
1
0
1
4
1
2
0
1
0
1
1
1
2
0
1
0
1
0
0
2
1
1
0
1
0
1
0
1
0
0
1
0
1
0
0
0
2
0
1
0
2
0
1
2
2
0
0
0
0
0
0
0
0
2
1
0
1
0
0
0
0
1
0
0
0
1
0
1
0
0
1
0
1
0
0
0
2
0
0
0
1
0
0
0
1
1
0
0
0
0
0
0
0
1
0
0
0
0
1
0
0
0
0
1
1
0
0
0
1
1
0
1
0
0
0
0
1
1
0
0
1
0
0
0
0
0
0
0
0
0
0
0
0
1
0
1
1
1
0
0
1
0
0
0
0
0
0
1
1
0
0
1
3
0
0
0
0
0
0
0
0
0
0
0
0
0
0
0
0
1
0
0
0
1
0
0
0
1
0
1
2
0
0
1
0
0
0
0
0
0
0
0
1
0
0
0
0
0
0
0
0
1
0
0
0
0
0
0
0
0
0
0
0
0
0
0
1
0
0
0
0
0
0
0
0
0
0
0
1
0
1
0
0
0
0
0
0
0
0
1
0
0
0
0
1
0
0
0
0
1
1
0
0
0
0
0
0
0
0
0
0
0
1
0
0
0
1
0
0
0
1
0
0
0
0
0
0
0
0
0
0
0
0
0
0
0
0
0
0
0
0
0
0
0
0
0
0
0
0
0
0
1
0
1
0
0
0
0
0
0
0
0
0
0
0
1
0
0
0
1
0
1
0
0
0
0
0
0
0
0
0
0
0
0
0
0
0
0
0
0
0
0
0
1
0
0
0
0
0
0
0
0
0
0
0
0
0
0
0
0
0
1
0
0
0
0
0
0
1
0
1
0
0
0
0
0
1
1
0
1
0
0
0
1
1
1
0
0
0
0
0
0
1
0
0
0
0
0
0
0
1
2
0
0
0
0
0
0
0
0
0
0
0
1
1
0
0
0
0
0
0
0
0
1
0
0
1
0
0
0
0
0
0
0
1
0
0
1
0
0
1
0
0
0
0
0
0
0
0
0
0
0
0
0
0
0
0
0
0
0
0
0
0
0
0
0
0
0
0
0
0
0
0
1
