0
0
0
0
0
0
0
0
0
2
1
2
11
22
33
59
102
138
183
245
317
381
433
508
590
612
620
611
609
544
530
492
428
367
373
236
211
195
148
128
95
74
63
69
52
38
33
34
31
30
21
24
17
17
14
15
8
10
10
8
12
7
8
4
4
6
5
9
10
5
1
6
1
4
2
5
1
2
3
5
1
4
1
1
1
1
3
1
5
5
5
0
3
1
1
1
2
2
3
1
4
0
1
1
0
1
0
2
0
0
1
0
1
1
0
0
1
1
0
0
0
1
0
2
1
1
0
0
0
0
0
1
1
0
1
0
1
0
1
3
1
0
0
1
0
0
0
0
0
1
0
0
0
0
0
1
0
0
1
1
0
1
1
0
0
0
1
0
3
0
0
0
1
1
0
0
0
0
0
1
0
1
0
0
0
1
0
0
0
0
0
0
0
0
0
1
0
1
0
0
0
0
0
0
0
0
0
0
1
0
0
0
0
0
0
2
0
0
0
0
0
0
1
1
0
0
0
0
0
0
0
0
0
0
1
0
0
0
0
0
1
0
0
1
0
0
0
0
0
2
1
0
0
0
0
0
0
0
0
0
0
0
0
1
0
0
0
0
0
0
0
0
0
0
1
0
0
0
0
0
0
0
0
0
0
0
0
0
0
0
0
0
0
0
0
0
0
0
0
0
1
0
1
0
0
1
0
0
0
0
0
0
0
1
0
0
0
0
0
0
0
0
0
0
0
1