1.8999099909991
1.8992399239923992
1.8991399139913991
1.899089908990899
1.899099909990999
1.899099909990999
1.8990799079907992
1.8994299429942993
1.8997499749974998
1.9002600260026004
1.900970097009701
1.901820182018202
1.9027002700270026
1.9044904490449044
1.9063806380638064
1.9082608260826082
1.91005100510051
1.912181218121812
1.914901490149015
1.9187318731873186
1.921042104210421
1.9245024502450245
1.928002800280028
1.933843384338434
1.9399039903990398
1.9463346334633462
1.9672567256725673
1.9781778177817781
1.9815281528152815
1.9727772777277728
1.975157515751575
1.9875387538753875
1.9914791479147915
1.9956295629562957
2.0055805580558057
2.00982098209821
2.0247324732473246
2.0244624462446246
2.076867686768677
2.083868386838684
2.088178817881788
2.0928192819281928
2.0983398339833985
2.108060806080608
2.0852985298529854
2.0947794779477946
2.1001900190019
2.1047504750475046
2.111861186118612
2.115921592159216
2.1247124712471246
2.1404040404040403
2.153855385538554
2.143984398439844
2.1472947294729474
2.141734173417342
2.14988498849885
2.1910191019101912
2.194379437943794
2.1996499649964996
2.207070707070707
2.2248424842484247
2.2343134313431343
2.2574057405740575
2.306040604060406
2.318991899189919
2.3245924592459244
2.3404740474047405
2.3490949094909492
2.381908190819082
2.4124512451245126
2.424152415241524
2.418851885188519
2.3997799779977997
2.386348634863486
2.371797179717972
2.362846284628463
2.374037403740374
2.3777577757775776
2.406660666066607
2.4098109810981097
2.406230623062306
2.4093609360936092
2.4274527452745276
2.428312831283128
2.4543854385438544
2.4487548754875488
2.472847284728473
2.4819181918191817
2.482108210821082
2.486068606860686
2.4679067906790677
2.4586958695869585
2.471997199719972
2.455085508550855
2.4675867586758677
2.4723472347234723
2.4663466346634664
2.4694769476947696
2.485158515851585
2.475887588758876
2.4664866486648664
2.467806780678068
2.4693769376937693
2.478697869786979
2.4625162516251624
2.4717471747174717
2.4737973797379738
2.472837283728373
2.4834783478347835
2.483368336833683
2.4826282628262826
2.487198719871987
2.488008800880088
2.4975197519751977
2.489308930893089
2.497159715971597
2.4926092609260926
2.5046304630463045
2.5063206320632063
2.5092209220922093
2.517971797179718
2.516081608160816
2.513861386138614
2.5312231223122312
2.5272127212721274
2.520962096209621
2.5286828682868285
2.5315831583158315
2.5328632863286327
2.5553055305530554
2.5516451645164517
2.5393639363936393
2.5473647364736474
2.54014401440144
2.5422742274227423
2.545004500450045
2.549014901490149
2.5485948594859487
2.5491349134913492
2.5483848384838486
2.546784678467847
2.548034803480348
2.555765576557656
2.5576457645764576
2.550965096509651
2.5509150915091507
2.552785278527853
2.5545454545454547
2.557165716571657
2.548194819481948
2.5496149614961494
2.5484948494849484
2.559025902590259
2.5682968296829682
2.577927792779278
2.578047804780478
2.5808380838083806
2.5835283528352835
2.5862986298629864
2.5858785878587858
2.588938893889389
2.5947094709470946
2.595179517951795
2.59042904290429
2.5944294429442945
2.5956895689568955
2.5888488848884887
2.5826182618261826
2.5845584558455847
2.5945694569456945
2.59014901490149
2.5886188618861885
2.59000900090009
2.5906890689068907
2.5924192419241923
2.58993899389939
2.586008600860086
2.594609460946095
2.587088708870887
2.5882788278827884
2.5908290829082907
2.584698469846985
2.5856485648564855
2.595939593959396
2.6042704270427044
2.6073907390739075
2.605040504050405
2.601980198019802
2.601130113011301
2.5998699869987
2.6036403640364036
2.5955095509550956
2.586888688868887
2.585768576857686
2.5866086608660868
2.582888288828883
2.581858185818582
2.583048304830483
2.5888288828882886
2.5874687468746873
2.5936393639363935
2.5954595459545953
2.5882688268826883
2.5805780578057806
2.5835783578357834
2.5906790679067906
2.592079207920792
2.5884188418841885
2.5845484548454847
2.5849484948494847
2.5845784578457844
2.5954695469546953
2.5926392639263924
2.6026202620262024
2.5996399639964
2.6105610561056105
2.6162316231623164
2.6175817581758176
2.616981698169817
2.614711471147115
2.6147514751475147
2.6133913391339134
2.6165116511651165
2.60997099709971
2.6095409540954098
2.609390939093909
2.607840784078408
2.6064306430643063
2.6014901490149014
2.601850185018502
2.616831683168317
2.6117211721172118
2.6109210921092108
2.612781278127813
2.6102710271027103
2.616131613161316
2.6157215721572156
2.6173417341734173
2.617881788178818
2.616771677167717
2.616881688168817
2.6217521752175217
2.621422142214221
2.6211121112111213
2.625942594259426
2.6242924292429244
2.623102310231023
2.622932293229323
2.627812781278128
2.6239423942394238
2.6245124512451246
2.621852185218522
2.623922392239224
2.6227222722272225
2.63000300030003
2.6294429442944294
2.6291629162916292
2.6291629162916292
2.630773077307731
2.6308130813081307
2.627232723272327
2.6274027402740274
2.630763076307631
2.630823082308231
2.63983398339834
2.6385038503850384
2.6383838383838385
2.6374037403740376
2.633113311331133
2.632023202320232
2.6323832383238326
2.6320732073207322
2.636123612361236
2.6334533453345332
2.6335433543354334
2.634803480348035
2.635713571357136
2.6314931493149314
2.631203120312031
2.632003200320032
2.635793579357936
2.633803380338034
2.634593459345935
2.632003200320032
2.632803280328033
2.6333533353335334
2.6325732573257326
2.63001300130013
2.632673267326733
2.6351835183518353
2.6364336433643363
2.6366636663666365
2.634813481348135
2.637203720372037
2.638253825382538
2.638853885388539
2.6432543254325434
2.64010401040104
2.641994199419942