1.8999099909991
1.897999799979998
1.8977597759775977
1.8974697469746975
1.8971697169716972
1.8968596859685969
1.8967096709670968
1.8965096509650965
1.8961796179617962
1.8958495849584958
1.8955595559555956
1.8955295529552956
1.8955195519551955
1.8954195419541955
1.8954995499549956
1.8953595359535953
1.8956095609560957
1.8957495749574957
1.8955695569556956
1.895969596959696
1.8958895889588958
1.8962696269626962
1.8967696769676967
1.8972797279727973
1.898109810981098
1.8988598859885988
1.8993699369936994
1.8999799979998
1.9013701370137013
1.9024802480248024
1.9026702670267026
1.9037003700370037
1.9050205020502051
1.9066106610661067
1.9077607760776079
1.9088508850885089
1.913041304130413
1.9135913591359135
1.9145314531453146
1.9153315331533154
1.9158215821582159
1.917061706170617
1.9222822282228222
1.9237823782378238
1.9244124412441244
1.925022502250225
1.9262126212621262
1.9282028202820283
1.9318031803180318
1.9421242124212421
1.9447044704470446
1.9476747674767476
1.9514451445144514
1.9524452445244525
1.9564156415641565
1.9597759775977597
1.9624162416241624
1.9553955395539553
1.9555655565556556
1.9546954695469547
1.956875687568757
1.9645864586458646
1.966056605660566
1.9668566856685668
1.9681768176817682
1.9714271427142713
1.9741974197419743
1.981178117811781
1.9845084508450845
1.985928592859286
1.9877687768776877
1.99002900290029
1.9916891689168916
1.9931493149314932
1.996999699969997
1.9984998499849984
2.0037303730373037
2.000570057005701
1.994799479947995
1.9965296529652965
1.9971497149714972
2.000830083008301
2.0043404340434043
2.0147014701470147
2.018761876187619
2.02007200720072
2.021792179217922
2.022062206220622
2.024032403240324
2.025252525252525
2.012081208120812
2.016701670167017
2.0085308530853085
2.008050805080508
2.0056205620562055
2.007210721072107
2.012931293129313
2.015221522152215
2.016211621162116
2.017031703170317
2.0163216321632165
2.0255225522552256
2.0215721572157217
2.0234023402340235
2.03003300330033
2.037293729372937
2.038893889388939
2.044224422442244
2.0484748474847483
2.043874387438744
2.044844484448445
2.0527452745274526
2.0519751975197518
2.0591159115911593
2.0615761576157614
2.0678167816781676
2.0693169316931694
2.076117611761176
2.0785378537853787
2.083028302830283
2.078137813781378
2.0916291629162918
2.0899089908990898
2.094059405940594
2.094089408940894
2.094899489948995
2.101400140014001
2.0999799979998
2.094159415941594
2.0918091809180916
2.102670267026703
2.106000600060006
2.109110911091109
2.109030903090309
2.1205220522052204
2.1137613761376137
2.1166116611661168
2.1185418541854184
2.1275527552755276
2.132993299329933
2.136023602360236
2.1365236523652364
2.137283728372837
2.141874187418742
2.1415141514151417
2.1381638163816383
2.1397839783978396
2.140984098409841
2.147394739473947
2.150935093509351
2.1615961596159616
2.1605060506050604
2.1740374037403742
2.166916691669167
2.1684568456845685
2.163236323632363
2.165736573657366
2.1637063706370636
2.1715071507150716
2.1716271627162715
2.180858085808581
2.180988098809881
2.1834783478347837
2.1796879687968795
2.1861286128612862
2.1868486848684867
2.1873987398739874
2.1877587758775876
2.187958795879588
2.1872487248724872
2.1852985298529854
2.1806180618061806
2.180948094809481
2.1804080408040805
2.173777377737774
2.173647364736474
2.1758075807580757
2.1814181418141816
2.181928192819282
2.1736973697369737
2.1735373537353735
2.175827582758276
2.178247824782478
2.193239323932393
2.1985198519851985
2.196789678967897
2.1961796179617963
2.1949094909490947
2.1965096509650963
2.1994299429942994
2.2114711471147115
2.208900890089009
2.208160816081608
2.2083308330833082
2.2130913091309132
2.2117011701170117
2.2115611561156117
2.213851385138514
2.2167216721672167
2.222942294229423
2.2242624262426243
2.221192119211921
2.218221822182218
2.223182318231823
2.225872587258726
2.2295629562956294
2.233653365336534
2.233173317331733
2.234953495349535
2.233113311331133
2.2317131713171316
2.2256825682568255
2.228132813281328
2.2382938293829384
2.23989398939894
2.235973597359736
2.2273327332733275
2.2214121412141212
2.2244724472447244
2.233113311331133
2.2342634263426344
2.2434643464346435
2.233933393339334
2.232863286328633
2.2296029602960297
2.2326032603260324
2.2335933593359334
2.234933493349335
2.227962796279628
2.228112811281128
2.2325432543254324
2.2266826682668266
2.2256025602560254
2.2282328232823283
2.2294929492949294
2.2282328232823283
2.2307230723072307
2.234143414341434
2.234943494349435
2.227422742274227
2.2255825582558257
2.2302930293029304
2.228892889288929
2.228892889288929
2.2255425542554255
2.224302430243024
2.226012601260126
2.2281028102810283
2.2287928792879286
2.2257725772577257
2.2237323732373238
2.223092309230923
2.2246324632463246
2.225292529252925
2.2285228522852285
2.2345034503450347
2.2355835583558354
2.234933493349335
2.232093209320932
2.2307030703070305
2.23032303230323
2.231033103310331
2.238033803380338
2.24011401140114
2.2402140214021404
2.2408240824082406
2.2401840184018402
2.2437243724372435
2.2465346534653468
2.2442844284428443
2.243784378437844
2.2475047504750476
2.2544754475447544
2.2487748774877487
2.2505650565056508
2.2476547654765477
2.247224722472247
2.247104710471047
2.2503650365036503
2.2505550555055507
2.254075407540754
2.26000600060006
2.2597459745974597
2.25969596959696
2.2594759475947597
2.259195919591959
2.262876287628763
2.2605060506050605
2.2625062506250626
2.2645664566456647
2.26960696069607
2.268266826682668
2.273217321732173
2.266986698669867
2.269016901690169
2.2731673167316733
2.269306930693069
2.2697869786978697
2.2674167416741673
2.268896889688969