0.999 
0.33695672685810474 
0.4115297531742989 
0.43523858531029963 
0.44159437464028894 
0.44642678343398906 
0.4380575981204895 
0.4364099773960927 
0.43627273275208506 
0.43389197590401646 
0.43159459154932883 
0.42834350714646463 
0.4256509431110961 
0.4239036272738486 
0.4170196075965148 
0.41298573149027146 
0.4083051247784478 
0.4047831934042221 
0.40045717073730214 
0.39442230675382234 
0.38898785135901914 
0.384924288478835 
0.3801311230421677 
0.37475923047335713 
0.3694269643068905 
0.3657870380748305 
0.3601179382612046 
0.3547698389929869 
0.35021203139487417 
0.34609092662389324 
0.3414873540849985 
0.33728243003641833 
0.3325388209585284 
0.32818712107891646 
0.3231447430317983 
0.3192834136209035 
0.3141105644420646 
0.3101325196767877 
0.306354668989811 
0.30149250216981077 
0.2979167581599385 
0.29393014652945304 
0.2896171793201459 
0.28605701008379497 
0.28227888210468677 
0.27889385808959144 
0.27521820131365826 
0.2714434850453552 
0.2679066411781415 
0.2641112930340534 
0.2601098475802875 
0.25732134595999545 
0.2537279963959584 
0.25088188163228176 
0.24747021990896184 
0.24405252746440703 
0.24138196852338556 
0.23771362781297328 
0.23459320772115166 
0.23225113872794367 
0.2293029138336785 
0.22625995854081887 
0.22353811284670255 
0.2208022537612186 
0.2182605631796903 
0.21537200132571022 
0.21290650054726049 
0.21029966985413062 
0.20792165748964467 
0.20563242942751825 
0.2034843061779152 
0.2007126787274898 
0.1987044909673841 
0.19662495567747612 
0.19369904909494517 
0.19196963362915298 
0.18911608836074506 
0.18742550375690423 
0.18400316921218954 
0.18224174473050148 
0.17962621182361171 
0.17706917932579494 
0.17471675053161356 
0.1732539559334995 
0.17195054370787244 
0.16941041411536753 
0.1681765413523059 
0.16653867938385156 
0.16484565695076941 
0.16262267785492446 
0.16099224205749252 
0.1587333508600275 
0.15732465238449175 
0.15596524477483442 
0.15378476406224645 
0.15229583561189047 
0.15096561652261983 
0.14985559362556916 
0.14823987817899575 
0.14732383481744943 
0.14500467812399803 
0.14371164827396685 
0.14232522874378806 
0.1406856725697595 
0.13960191490150967 
0.13849721938870482 
0.13734226309340072 
0.13664197750036045 
0.13500838986836813 
0.13362504599653055 
0.13233734481712608 
0.1307421185255362 
0.13000513713707915 
0.12910196810605443 
0.12715469011835306 
0.12596608423572644 
0.12497321486012027 
0.12367022432587697 
0.12269065639324171 
0.12245134803152331 
0.12087351038301385 
0.12014242413884565 
0.1187513756481849 
0.1182163738799649 
0.11708016773927313 
0.11628015569069979 
0.11514356945364491 
0.11421411531769125 
0.11278709265784985 
0.1124631612614477 
0.1116757364278622 
0.11078995808765713 
0.10963185371897498 
0.10896980405956681 
0.10814333275408011 
0.10737865032068675 
0.10646087867466426 
0.10508840972265357 
0.10435119152303318 
0.10387673052181258 
0.10292099772312609 
0.10256936020005546 
0.10194471121127158 
0.10121343533961243 
0.10060046942724753 
0.10026046909544047 
0.09933092523532423 
0.09836436402457062 
0.09777152245426547 
0.09743785621738324 
0.09699824021536659 
0.09617282509176843 
0.09589531046114982 
0.0949394559615018 
0.09418432972198396 
0.09403764608113527 
0.09359787181922587 
0.09319970999209524 
0.09294135463939247 
0.09222243300937624 
0.09176764288417834 
0.09059989363504456 
0.09049289775890708 
0.09016857105624697 
0.08987348052701596 
0.09000015195727822 
0.08895234327895864 
0.08882646514371412 
0.08842770876896631 
0.08869165516930452 
0.08804951577308524 
0.08761976420685522 
0.08735886558972772 
0.08693255460168144 
0.08651961219374633 
0.08638738885261854 
0.08515679682207097 
0.08543402159717221 
0.08481255980215109 
0.08495763207018098 
0.0847768043294682 
0.08431521426443143 
0.08392073680300467 
0.08358632844070682 
0.08327570318963386 
0.08274143657166642 
0.08237226578006074 
0.08192963283335004 
0.08132570275466199 
0.08157149986357007 
0.08173640141500543 
0.08145783546612474 
0.08121365491185745 
0.08078756377936577 
0.08114353428943409 
0.08082842738829159 
0.08043117355943182 
0.0802578192324103 
0.0800355138894471 
0.07998948999601979 
0.08017162211711519 
0.07940124445384358 
0.07982850526067334 
0.07940524798428998 
0.07904261137678906 
0.07890476651014082 
0.07852233509924857 
0.0785899861540416 
0.07877137457009166 
0.07868936245532487 
0.07840360085429214 
0.07793198070853358 
0.07852968375442063 
0.07776071815898832 
0.07732388026922254 
0.07775052718132887 
0.07781871183200141 
0.07758234414389036 
0.07785132669956306 
0.0778719157372235 
0.07772066902442293 
0.07767123403550494 
0.07702895464783341 
0.077259022560953 
0.07689161623105413 
0.07725648913600601 
0.07678005122113285 
0.07671313204241849 
0.07698154286639688 
0.07675344048220331 
0.0769165433393528 
0.0769958692479925 
0.07731574990180666 
0.07686007689054113 
0.07634545343354296 
0.07617830335663837 
0.07636195696471286 
0.07654574118322169 
0.07655484075640234 
0.07664578907281192 
0.07638506818912563 
0.0763989854177795 
0.07593052593477603 
0.07598877746286464 
0.07599840330172301 
0.07571624615053864 
0.07599144578934998 
0.07605359545414093 
0.07601014709556866 
0.0762904851999456 
0.07545687477484975 
0.07553252076267132 
0.07601829651675797 
0.07586617913619653 
0.07606576374471871 
0.07587094641761848 
0.07563080032018596 
0.07576703830137985 
0.07607960249097354 
0.07615915660334117 
0.07623980645559279 
0.07637240243177945 
0.07594035655745292 
0.07625116415378104 
0.07568780120665959 
0.07527272377859699 
0.07521794437520565 
0.07567151568812067 
0.07569138529471685 
0.07564691531131354 
0.07537997201055839 
0.07540425132397834 
0.07541129914024412 
0.07522735453253915 
0.07531791798831014 
0.0754078664711251 
0.074955869712284 
0.0755322611864008 
0.07576839570736257 
0.07525857875863189 
0.07515239941701006 
0.0752030250852821 
0.07509677162426243 
0.07512973953257332 
0.0752432161196247 
0.07476768544531467 
0.07527858821601287 
0.07456258336022674 
0.07467706921944191 
0.07515315021705038 
0.07514806697259335 
0.07544812612176059 
0.07457339118780092 
0.07447792513729601 
0.0742045771541221 
0.07442585539900691 
0.07463782145320975 
0.07478229026169338 
0.07489636462252541 
0.07443948084377748 
