0.0 
0.1126666666666665 
0.30040000000000006 
0.4551190476190456 
0.5653404761904748 
0.6435857142857138 
0.7024443001442999 
0.7407670274170272 
0.7781515373515376 
0.802087465312466 
0.8203554972804977 
0.8321965802343508 
0.8389094653282726 
0.844830491833587 
0.8498573416263825 
0.8492468738320356 
0.8533050279421746 
0.8558110450207721 
0.8554566857988157 
0.8546597933457324 
0.8537725739181931 
0.8547637290641242 
0.8566601122326692 
0.8561386361147197 
0.8558028437347581 
0.8550519794102541 
0.8536745667363507 
0.8522948860703033 
0.8490662459313044 
0.8471560684395948 
0.844699525509032 
0.8403742480730823 
0.8377026913585749 
0.8373855849454398 
0.8350950697305813 
0.8331971745113435 
0.8313877448758791 
0.8288695958543618 
0.826828532103066 
0.8245232155343948 
0.8233914710926138 
0.8225586312613876 
0.8195559413608776 
0.8173361019281344 
0.8153150307530275 
0.8132974879992404 
0.8131090465919806 
0.8138830563760624 
0.8131490346169631 
0.8115057700469123 
0.8083971075010614 
0.8062354488600362 
0.8051649264644057 
0.8035986092689815 
0.8011630766648148 
0.8005472037302038 
0.8009661060760958 
0.7986270316907554 
0.7983940797188975 
0.7977429990737006 
0.7955748415688275 
0.7946047902454607 
0.7922591461826338 
0.7903826878949344 
0.7893976763263838 
0.7871600428873451 
0.785580028921435 
0.7836335848017422 
0.7825716854685442 
0.7822591217300994 
0.7811342607841171 
0.7799557026498342 
0.7761907822311118 
0.7724276184436591 
0.7713190671020895 
0.7687321558563973 
0.7660135567881922 
0.7635256353239965 
0.7608159953893003 
0.7585394495074466 
0.7550239281963982 
0.7533194934887725 
0.7504078256692207 
0.7466079318481453 
0.7434828784960369 
0.7406111449714249 
0.7375142457957352 
0.7337914526514245 
0.7318934694612512 
0.7291712046185518 
0.7254551058629194 
0.7204995437890699 
0.7169981721125465 
0.7123813848732483 
0.7088157940789581 
0.7051063983048207 
0.7004218152372504 
0.697034677180021 
0.6939377824122922 
0.6918916145324775 
0.6882408197783356 
0.6825063158259158 
0.6772901976976444 
0.6718512075042674 
0.6668405753405111 
0.6631109071604447 
0.6567572732445238 
0.6513119389674324 
0.647641768894991 
0.6433338151524866 
0.6373521176563851 
0.6325322122929011 
0.6265174379176572 
0.621822984047951 
0.6149693314184381 
0.6088520589171915 
0.6018760795536996 
0.5959198095214174 
0.5916669236448396 
0.585897638755103 
0.5808835461138427 
0.5744867710825526 
0.5690624250831883 
0.5646282127240657 
0.5591758251391713 
0.5538189236162443 
0.5484303672890168 
0.5440054569477949 
0.5372139844351091 
0.5317625267812047 
0.5271184380968902 
0.5223690231774611 
0.5146627537878994 
0.5085502021302613 
0.5010276716120172 
0.4935954477705798 
0.4890854795882816 
0.4840491365956903 
0.47953545751179755 
0.47409843388475326 
0.470277107021329 
0.46416808515384517 
0.458791096114945 
0.4532405106016076 
0.4467957934891774 
0.44112708374255266 
0.4347944264211843 
0.4297418929773804 
0.4231290967169467 
0.4195708410410234 
0.4150029671256583 
0.4100170474622877 
0.40440597721507476 
0.3991764793308812 
0.3941131743093109 
0.3895686679660535 
0.3836370778918529 
0.37926006076689317 
0.3728413625169907 
0.3682254499923423 
0.3637080002173402 
0.35777225959581244 
0.3533477569168367 
0.34853324065075986 
0.3444208819913807 
0.34027679635827335 
0.33528372043199955 
0.3298828614805423 
0.32533593923525145 
0.32083913194107644 
0.31568772858811744 
0.31216383900824507 
0.30779368404552315 
0.3024949999014445 
0.29797457219804446 
0.2944652409051111 
0.29058129893878115 
0.28634210608424443 
0.2823383825878657 
0.27832617471524895 
0.2747693263013585 
0.2712380325391333 
0.26735873212548955 
0.2635559760160779 
0.2601905656658182 
0.2558758450632182 
0.2523167379131463 
0.2481564655221517 
0.24426890758997766 
0.24010200074903779 
0.23684175391454335 
0.23276968749608407 
0.22845743697090634 
0.2248397331476627 
0.22132106245947628 
0.21841077773618903 
0.21411683368291212 
0.21081120254598282 
0.20791975570946894 
0.20470522183548037 
0.2020256613503731 
0.1988009957026318 
0.1951486306457599 
0.19146828293936946 
0.18880962968528842 
0.18521641215649956 
0.18128671613454805 
0.1790293980744658 
0.17600179439506725 
0.1730584674593227 
0.1702728363251919 
0.16747599180833092 
0.16515403788944508 
0.1624689408404765 
0.1599831776227055 
0.15720151267693203 
0.15452590377844097 
0.15207548723371525 
0.1498712893395419 
0.14759270149948545 
0.14515171192377851 
0.14294204273777808 
0.1403357793013211 
0.13806573790029947 
0.13596209753996158 
0.13440835600382642 
0.13215725852204596 
0.13007425700425979 
0.12807533576861962 
0.12581730512793213 
0.12380630977475156 
0.12155349746025396 
0.11926206475855491 
0.11761662404060176 
0.11592145931638494 
0.11383797855579696 
0.11239789477072146 
0.11052129578577835 
0.10881926605852758 
0.10707868761136585 
0.10528419339367781 
0.10385607363078343 
0.10204000383672047 
0.10012351590396401 
0.09894746390107861 
0.09774886704987336 
0.09626926927356842 
0.09492329837685096 
0.09370389852393961 
0.09210732404858205 
0.0906072416659246 
0.089418650816209 
0.08809272679253886 
0.08687702306801527 
0.08553301631165909 
0.08417204396847737 
0.08268312945212188 
0.08126312009382339 
0.07976085874429305 
0.0787365869241961 
0.07771665458790909 
0.07667249554651033 
0.07552271908002288 
0.07459423589854809 
0.07380994758182094 
0.07288538924984968 
0.07177668171888843 
0.07076463964159341 
0.06976138504118691 
0.06876647724382144 
0.06790673816871338 
0.06697026099931908 
0.06618020881967933 
0.06498196473226527 
0.06377537640901633 
0.06282915188618723 
0.061965631451317255 
0.0611751164203933 
0.06037932416737923 
0.05964373969911517 
0.058877327499738584 
0.05797244150977247 
0.05715052539930247 
0.05653015577204479 
0.05566809128807087 
0.054880043593193414 
0.05386039521400242 
0.05323391416154211 
0.05235745428567237 
0.051527513709668474 
0.05082949988372691 
0.050126020650163035 
0.04954257095776515 
0.04878535876202776 
0.04807034336070296 
0.04728178316788466 
0.04681553959028575 
0.04606105598270536 
0.04534183354495187 
0.04463915525644005 
