0
2
10
22
38
73
73
107
118
164
181
214
204
218
258
257
273
277
292
303
290
253
292
282
264
286
271
292
237
243
213
257
200
230
195
191
180
164
177
154
184
132
112
127
117
106
101
98
96
100
77
62
69
70
76
48
53
61
43
43
35
27
35
22
29
29
19
22
12
19
14
22
22
11
11
14
10
6
8
8
8
13
7
7
11
3
2
2
3
6
4
3
5
1
2
4
0
1
1
1
1
0
2
1
1
1
0
0
0
1
0
0
0
0
0
0
0
0
1
0
0
1
0
0
0
0
0
0
0
1
0
0
0
0
0
0
0
0
0
0
0
0
0
0
0
0
0
0
0
0
0
0
0
0
0
0
0
0
0
0
0
0
0
0
0
0
0
0
0
0
0
0
0
0
0
0
0
0
0
0
0
0
0
0
0
0
0
0
0
0
0
0
0
0
0
0
0
0
0
0
0
0
0
0
0
0
0
0
0
0
0
0
0
0
0
0
0
0
0
0
0
0
0
0
0
0
0
0
0
0
0
0
0
0
0
0
0
0
0
0
0
0
0
0
0
0
0
0
0
0
0
0
0
0
0
0
0
0
0
0
0
0
0
0
0
0
0
0
0
0
0
0
0
0
0
0
0
0
0
0
0
0
0
0
0
0
0
0
0
0
0
0
0
0
0
0
0
0
0
0
