1.8999099909991
1.8988398839883989
1.8987298729872988
1.8984598459845985
1.8983098309830984
1.8988398839883989
1.8992499249924992
1.8994899489948995
1.8995399539953994
1.900960096009601
1.9998599859986
2.0015301530153016
2.0054105410541054
2.0085708570857084
2.0104310431043104
2.014301430143014
2.113801380138014
2.11959195919592
2.029142914291429
2.0347734773477346
2.1354135413541355
2.1405440544054404
2.0516351635163517
2.0553955395539556
2.0604160416041606
2.0671167116711673
2.072127212721272
2.0786378637863785
1.9930493049304931
2.0004900490049007
2.007900790079008
2.1003200320032005
2.107120712071207
2.1145014501450143
2.1193919391939193
2.128362836283628
2.1341334133413343
2.141794179417942
2.148884888488849
2.2436543654365435
2.2497049704970498
2.255375537553755
2.2607060706070605
2.352975297529753
2.356085608560856
2.361726172617262
2.3666466646664666
2.3704670467046705
2.372277227722772
2.3764776477647764
2.3782678267826785
2.383878387838784
2.384948494849485
2.30965096509651
2.312821282128213
2.242214221422142
2.2460746074607463
2.247744774477448
2.2557055705570557
2.262906290629063
2.2664566456645665
2.34007400740074
2.3452945294529455
2.348224822482248
2.354665466546655
2.3582858285828583
2.3609160916091607
2.368096809680968
2.3
2.304070407040704
2.307870787078708
2.311631163116312
2.3142814281428143
2.318141814181418
2.321922192219222
2.3238523852385238
2.3277927792779276
2.331223122312231
2.3353535353535353
2.341284128412841
2.3974597459745977
2.4616661666166615
2.4544154415441546
2.4554455445544554
2.4596959695969596
2.5172417241724174
2.4077007700770077
2.3585158515851585
2.416651665166517
2.4163216321632164
2.4185818581858185
2.423052305230523
2.423732373237324
2.4257425742574257
2.4737773777377736
2.473897389738974
2.475807580758076
2.5286728672867285
2.484908490849085
2.4847584758475847
2.529282928292829
2.4831283128312833
2.485048504850485
2.483958395839584
2.4855785578557854
2.483888388838884
2.4841784178417843
2.5355335533553354
2.5386238623862387
2.53993399339934
2.54009400940094
2.5395739573957394
2.58011801180118
2.5792179217921793
2.576087608760876
2.575717571757176
2.571817181718172
2.5331533153315333
2.531963196319632
2.534193419341934
2.534813481348135
2.571827182718272
2.5704170417041703
2.610681068106811
2.6046104610461045
2.608010801080108
2.535863586358636
2.536043604360436
2.537923792379238
2.5732573257325733
2.6048204820482046
2.606130613061306
2.6024602460246022
2.6004000400040006
2.6032703270327033
2.6043504350435045
2.6048304830483047
2.572027202720272
2.538923892389239
2.5434143414341435
2.5436243624362436
2.5742474247424743
2.5773177317731775
2.5793079307930795
2.515001500150015
2.516891689168917
2.516991699169917
2.4873787378737875
2.5477447744774477
2.5455645564556457
2.5455845584558454
2.544044404440444
2.5452645264526454
2.5443244324432444
2.5465546554655467
2.5456345634563458
2.546084608460846
2.5165916591659165
2.5174517451745175
2.518321832183218
2.5194919491949195
2.517831783178318
2.521032103210321
2.52037203720372
2.5205220522052207
2.4942394239423944
2.491999199919992
2.493829382938294
2.495049504950495
2.52008200820082
2.51988198819882
2.5421342134213423
2.5415541554155414
2.541894189418942
2.496909690969097
2.4978397839783977
2.523072307230723
2.5216821682168216
2.5203420342034204
2.548184818481848
2.550805080508051
2.5506450645064507
2.5523152315231523
2.551935193519352
2.573027302730273
2.5717271727172717
2.5697369736973696
2.59007900790079
2.59013901390139
2.60992099209921
2.6293729372937293
2.6303830383038305
2.631913191319132
2.629002900290029
2.626872687268727
2.6277727772777277
2.605210521052105
2.604890489048905
2.5857285728572856
2.5856085608560857
2.5856485648564855
2.5852285228522853
2.584278427842784
2.599039903990399
2.5992299229922993
2.5989598959895988
2.5961296129612963
2.595159515951595
2.5945194519451946
2.594389438943894
2.5947194719471947
2.635063506350635
2.636973697369737
2.6356735673567355
2.6306630663066306
2.62993299329933
2.6304030403040306
2.629142914291429
2.609190919091909
2.6125812581258128
2.6125112511251127
2.6140314031403142
2.612211221122112
2.6299529952995297
2.631963196319632
2.6315131513151315
2.6264926492649265
2.629202920292029
2.6284028402840285
2.625732573257326
2.6247224722472247
2.6213021302130213
2.620732073207321
2.6208320832083207
2.61989198919892
2.6183918391839183
2.614011401140114
2.615901590159016
2.6182118211821184
2.6184718471847184
2.6026302630263025
2.6014801480148013
2.6034403440344036
2.6026602660266027
2.603740374037404
2.6058305830583057
2.585698569856986
2.59009900990099
2.5904090409040905
2.591089108910891
2.5895189518951893
2.586128612861286
2.585268526852685
2.5673267326732674
2.566856685668567
2.562896289628963
2.5645964596459647
2.5647064706470646
2.5655865586558657
2.5827582758275827
2.5825482548254826
2.57990799079908
2.5796579657965797
2.5807680768076806
2.5827482748274826
2.584848484848485
2.588098809880988
2.5875487548754874
2.591079107910791
2.592139213921392
2.593249324932493
2.5966496649664967
2.5954195419541954
2.5977597759775977
2.5982498249824983
2.596989698969897
2.5984198419841986
2.5995699569956994
2.5996399639964
2.6006400640064005
2.6015101510151015
2.6012401240124015
2.6013901390139016
2.6025102510251026
2.604110411041104
2.6013001300130014
2.6041304130413043
2.607210721072107
2.608260826082608
2.604930493049305
2.5872087208720873
2.5872287228722874
2.589098909890989
2.5867786778677866
2.585328532853285
2.588068806880688
2.587968796879688
2.584888488848885
2.584978497849785
2.568866886688669