1.8999099909991
1.8988698869886989
1.8985498549854984
1.8982698269826983
1.898139813981398
1.898009800980098
1.8978697869786978
1.8977397739773978
1.8976697669766978
1.8973697369736973
1.8972597259725972
1.8975097509750976
1.8975897589758977
1.8978497849784979
1.898029802980298
1.8983298329832983
1.8993399339933994
1.8996999699969996
1.9007400740074007
1.9020502050205021
1.901930193019302
1.9026402640264026
1.9033103310331032
1.9046404640464047
1.907900790079008
1.9104210421042105
1.9139713971397139
1.9165816581658166
1.9191719171917192
2.0005400540054006
2.085188518851885
2.0107910791079107
2.013291329132913
2.0144214421442146
1.9375837583758375
1.93978397839784
1.9434843484348434
1.9483148314831482
1.9515851585158517
1.9526252625262526
1.9563156315631562
1.9593159315931594
1.9647464746474648
1.9677667766776679
1.9725372537253725
2.0453845384538454
2.0472247224722473
2.0507150715071507
2.053855385538554
2.056255625562556
2.0579157915791577
2.0592559255925593
2.0623862386238625
2.063836383638364
2.0607360736073606
2.0639363936393638
2.0676167616761676
2.071097109710971
2.1423842384238423
2.141924192419242
2.1295329532953295
2.131893189318932
2.137043704370437
2.1373037303730373
2.197019701970197
2.1983498349834982
2.2024802480248025
2.261046104610461
2.257295729572957
2.1964496449644964
2.199269926992699
2.200750075007501
2.202860286028603
2.2132913291329133
2.233133313331333
2.17987798779878
2.182058205820582
2.1830883088308832
2.1822382238223823
2.184208420842084
2.186858685868587
2.187148714871487
2.239103910391039
2.2353735373537353
2.2336233623362336
2.267836783678368
2.268816881688169
2.268256825682568
2.268136813681368
2.3143714371437145
2.3165616561656166
2.3177617761776177
2.315961596159616
2.316141614161416
2.32033203320332
2.271927192719272
2.2373037303730374
2.24000400040004
2.2744174417441743
2.274837483748375
2.2751675167516754
2.2751675167516754
2.2854885488548855
2.2868186818681866
2.287208720872087
2.2886288628862888
2.2894189418941893
2.29006900690069
2.2898789878987897
2.292119211921192
2.2953695369536953
2.3326232623262326
2.3332333233323332
2.3303530353035304
2.3302730273027303
2.328882888288829
2.3274627462746276
2.329032903290329
2.331233123312331
2.3313631363136316
2.324102410241024
2.2867086708670867
2.2115411541154115
2.20975097509751
2.20995099509951
2.211221122112211
2.210881088108811
2.213631363136314
2.211881188118812
2.2124712471247125
2.213911391139114
2.212041204120412
2.2145514551455148
2.2138013801380136
2.213821382138214
2.251055105510551
2.251635163516352
2.2524752475247523
2.2526152615261528
2.2527952795279527
2.2515851585158515
2.252335233523352
2.24979497949795
2.251145114511451
2.2501750175017503
2.2492449244924493
2.2497449744974496
2.2514951495149513
2.2538653865386538
2.2687068706870686
2.2693269326932692
2.269046904690469
2.2707570757075706
2.2696569656965697
2.2518851885188518
2.252195219521952
2.2524152415241523
2.255175517551755
2.250995099509951
2.2475647564756476
2.2485048504850487
2.24995499549955
2.2522252225222523
2.252055205520552
2.2527152715271526
2.2525752575257525
2.2535353535353537
2.252105210521052
2.2502450245024503
2.264866486648665
2.288268826882688
2.2867086708670867
2.2892889288928893
2.2892889288928893
2.2904590459045906
2.28969896989699
2.290909090909091
2.2896489648964895
2.289278927892789
2.289038903890389
2.289258925892589
2.2884688468846885
2.2884488448844884
2.288208820882088
2.2844484448444846
2.2843984398439843
2.2805280528052805
2.26011601160116
2.2608060806080608
2.2587558755875587
2.2574557455745574
2.2583858385838584
2.2574357435743573
2.2854085408540854
2.3058705870587057
2.3095409540954095
2.312201220122012
2.3123112311231124
2.309010901090109
2.3101910191019104
2.3114711471147116
2.31028102810281
2.3083308330833083
2.30973097309731
2.2904490449044905
2.2897989798979896
2.289128912891289
2.2898189818981898
2.2888088808880886
2.2672167216721673
2.264366436643664
2.2724672467246725
2.2522252225222523
2.2516451645164515
2.2546254625462545
2.256235623562356
2.2585758575857584
2.2676667666766677
2.2672767276727672
2.2672267226722673
2.265926592659266
2.267196719671967
2.267926792679268
2.265706570657066
2.266216621662166
2.282098209820982
2.2804180418041806
2.2615061506150616
2.25985598559856
2.2587958795879586
2.258865886588659
2.2605860586058606
2.2605160516051606
2.259405940594059
2.281348134813481
2.28005800580058
2.2812481248124814
2.267986798679868
2.268186818681868
2.267206720672067
2.2653665366536653
2.265126512651265
2.2658865886588657
2.264006400640064
2.2634463446344633
2.262096209620962
2.2782478247824782
2.2803880388038804
2.2795979597959795
2.27002700270027
2.294139413941394
2.2935793579357937
2.293079307930793
2.292009200920092
2.291909190919092
2.2938293829382936
2.2923592359235925
2.290819081908191
2.2873287328732874
2.2892289228922893
2.288278827882788
2.2875087508750873
2.28970897089709
2.29006900690069
2.2896389638963894
2.28962896289629
2.272797279727973
2.270947094709471
2.2708370837083707
2.2716771677167715
2.2541954195419542
2.254885488548855
2.254245424542454
2.2558355835583557
2.255725572557256
2.2663066306630664
2.266756675667567
2.2675267526752676
2.271227122712271
2.2686268626862685
2.26982698269827
2.2703670367036706
2.270927092709271
2.2693369336933693
2.269126912691269
2.2653065306530653
2.2644864486448646
2.262886288628863
2.263096309630963
2.2607960796079607
2.2624562456245623
2.2615161516151616
2.260686068606861
2.2621962196219623
2.25999599959996
2.2611461146114613
2.2622962296229625
2.265776577657766
2.267966796679668
2.2685868586858686