2500.2500250025
2330.980408040804
2000.9605560556056
1742.4407140714072
1513.7377937793779
1345.1051605160517
1209.1021902190218
1097.5419641964197
1000.5788278827882
917.3812081208121
854.6986198619862
801.7994899489948
753.1451245124513
711.2558555855586
668.1960296029603
627.9086808680868
588.7155315531553
554.8197719771978
531.7848584858485
505.7627462746275
480.77518751875186
460.4188618861886
439.7111711171117
417.6140514051405
401.0884288428843
384.18159815981596
369.506300630063
353.1858685868587
340.76596659665967
327.9084308430843
315.4646164616462
306.13999399939996
289.06350635063507
277.3112411241124
265.36661666166617
256.91831183118313
248.84698469846984
239.912701270127
231.1020302030203
221.05717571757177
213.24461446144613
206.84330433043306
201.14964496449645
194.18578857885788
186.92273227322733
180.52987298729872
176.56783678367836
172.61470147014703
168.2093809380938
162.45755575557556
156.92782278227824
152.95172517251726
146.44482448244824
142.8168116811681
139.8869086908691
136.34517451745174
132.7033403340334
127.38786878687868
123.34469446944695
118.51995199519952
115.19463946394639
112.4000100010001
108.55630563056306
105.98455845584559
104.58500850085008
102.2070307030703
99.52483248324832
96.63258325832584
92.9007600760076
91.14473447344734
89.2085508550855
86.91249124912491
85.5080308030803
83.3987698769877
81.07424742474248
77.79704970497049
76.23480348034803
74.74649464946495
71.70917091709171
70.72733273327333
69.31391139113911
66.95958595859587
65.29173917391739
64.43062306230622
62.45533553355335
61.34005400540054
59.76941694169417
59.13672367236724
57.39002900290029
56.66407640764076
55.26551655165517
53.83310331033103
50.86596659665967
49.34610461046105
48.75195519551955
48.27076707670767
47.044094409440945
45.864516451645166
44.65616561656166
43.184878487848785
42.18804880488049
41.013591359135916
40.28982898289829
39.925752575257526
39.37106710671067
37.735663566356635
36.21999199919992
35.68041804180418
34.81353135313531
34.13579357935794
33.202920292029205
32.57933793379338
31.925592559255925
31.708010801080107
30.30918091809181
29.675947594759474
29.32882288228823
28.523642364236423
27.71005100510051
27.138393839383937
27.166576657665768
26.565616561656167
26.186608660866085
25.584358435843583
25.345124512451246
24.83049304930493
24.212991299129914
23.406370637063706
22.892319231923192
22.04927492749275
21.777537753775377
21.475537553755377
20.58793879387939
20.10955095509551
20.032873287328734
19.728382838283828
19.546244624462446
19.01256125612561
18.265446544654466
18.056265626562656
17.69099909990999
17.613971397139714
17.275757575757577
17.00880088008801
16.853675367536752
16.610361036103612
16.245234523452346
16.041134113411342
15.647284728472847
15.247004700470047
14.995899589958995
14.755875587558755
14.561806180618062
14.372607260726072
14.175677567756775
13.87921792179218
13.422252225222522
13.346884688468847
13.254395439543954
12.945364536453646
12.745594559455945
12.514021402140214
12.276547654765476
11.93911391139114
11.823882388238824
11.81959195919592
11.380838083808381
11.143554355435544
10.841044104410441
10.61016101610161
10.425112511251125
10.334603460346035
10.203530353035303
10.014991499149914
9.831903190319032
9.675907590759076
9.387638763876387
9.238163816381638
8.970837083708371
8.861966196619662
8.614451445144514
8.596489648964896
8.532253225322533
8.371037103710371
8.32964296429643
8.245914591459146
8.174817481748175
7.9372837283728375
7.852375237523752
7.758215821582159
7.513341334133413
7.3671067106710675
7.248584858485849
7.187668766876688
7.115821582158216
7.01017101710171
6.944724472447245
6.7915091509150916
6.715221522152215
6.525652565256526
6.4576357635763575
6.379317931793179
6.387678767876788
6.294999499949995
6.194639463946395
6.072847284728473
5.991719171917191
5.923652365236523
5.88013801380138
5.829162916291629
5.778487848784878
5.6803480348034805
5.53069306930693
5.431103110311031
5.390859085908591
5.3375037503750375
5.267916791679168
5.214901490149015
5.151845184518452
5.120372037203721
5.0765876587658765
4.991799179917992
4.953395339533953
4.856425642564257
4.7489348934893485
4.718911891189119
4.66979697969797
4.6031603160316035
4.572517251725173
4.5184418441844185
4.452925292529253
4.404750475047504
4.356865686568657
4.293699369936994
4.251615161516152
4.22061206120612
4.185808580858086
4.133963396339634
4.073227322732273
4.045764576457646
4.017841784178418
3.9933893389338935
3.9583958395839582
3.9252525252525254
3.887138713871387
3.8187518751875187
3.787208720872087
3.755875587558756
3.6871287128712873
3.643974397439744
3.613021302130213
3.5813781378137812
3.5556555655565556
3.5262026202620262
3.4967696769676966
3.466736673667367
3.4325032503250323
3.4313731373137313
3.3953995399539956
3.381948194819482
3.3670767076707673
3.3390539053905393
3.303420342034203
3.271797179717972
3.2454445444544455
3.2217321732173216
3.2063006300630064
3.177137713771377
3.1596159615961597
3.124912491249125
3.0984598459845984
3.083358335833583
3.048104810481048
3.034163416341634
3.0109310931093107
2.9908490849084908
2.978707870787079
2.9601160116011602
2.9341534153415343
2.9273827382738276
2.9115111511151115
2.8922592259225923
2.8804980498049804
2.8503050305030504
2.827842784278428
2.795159515951595
2.7787678767876787
2.761246124612461
2.7433043304330433
2.730873087308731
2.714851485148515
2.6987498749874987
2.6842884288428843
2.673027302730273
2.657165716571657
2.648944894489449
2.641724172417242
2.6327232723272327
2.62022202220222
2.6094309430943095