2500.2500250025
2330.980408040804
2000.9605560556056
1742.4407140714072
1513.7377937793779
1345.1051605160517
1209.1021902190218
1097.5419641964197
1000.5788278827882
917.3812081208121
854.6986198619862
801.7994899489948
753.1451245124513
711.2558555855586
668.1960296029603
627.9086808680868
588.7155315531553
554.8197719771978
531.7848584858485
505.7627462746275
479.81545154515453
457.34398439843983
438.8168416841684
423.5994799479948
409.1897289728973
394.2834883488349
379.5126812681268
362.4110511051105
349.01896189618964
332.8125812581258
322.8930793079308
309.41995199519954
295.7995499549955
288.71772177217724
279.26052605260526
269.66005600560055
257.71287128712873
246.63637363736373
240.58341834183418
232.77534753475348
223.82020202020203
214.74608460846085
208.6972397239724
203.54720472047205
197.50677067706772
190.95280528052805
184.47853785378538
179.9744274427443
174.3901590159016
169.16870687068706
163.94620462046205
158.43269326932693
152.99099909991
147.35876587658765
141.44230423042305
138.0972297229723
133.61424142414242
128.0945294529453
124.74823482348235
121.42443244324433
118.23369336933693
114.72111211121113
111.60550055005501
108.02448244824483
106.02560256025602
102.24440444044404
98.58748874887489
93.8074707470747
91.25278527852785
89.56172617261726
87.35340534053405
84.31801180118012
81.97635763576358
80.15622562256226
76.43193319331934
74.35795579557956
71.76725672567257
70.26352635263527
69.08819881988198
67.58985898589859
64.46303630363036
61.64982498249825
60.58568856885689
57.89123912391239
55.81481148114811
55.193599359935995
53.72129212921292
51.88241824182418
50.27026702670267
49.06002600260026
46.64982498249825
45.085478547854784
43.53809380938094
42.79130913091309
41.57642764276428
40.564286428642866
40.201620162016205
39.43992399239924
36.844734473447346
36.21279127912791
35.182978297829784
33.99284928492849
33.75740574057406
32.38234823482348
31.21057105710571
30.55190519051905
29.323612361236123
28.187208720872086
27.445624562456246
26.83992399239924
26.054515451545154
25.046084608460845
24.19017901790179
23.822682268226824
22.895719571957194
22.557735773577356
22.4999899989999
21.0002300230023
20.603310331033104
20.24122412241224
19.872457245724572
18.533093309330933
18.483428342834284
18.268716871687168
17.656045604560457
17.136663666366637
16.87900790079008
16.305870587058706
16.049084908490848
15.850845084508451
15.182768276827682
14.681738173817381
14.185358535853585
14.017761776177618
13.304560456045605
12.781258125812581
12.445124512451246
12.317641764176418
12.20996099609961
11.83036303630363
11.411501150115011
11.347504750475048
10.974717471747175
10.58909890989099
10.41028102810281
10.20955095509551
9.92038203820382
9.76926692669267
9.68944894489449
9.4991199119912
9.3011501150115
9.024572457245725
8.822182218221823
8.46929692969297
8.186408640864087
8.06864686468647
7.830923092309231
7.677727772777278
7.494719471947195
7.448014801480148
7.236023602360236
7.053095309530953
6.904230423042304
6.75989598959896
6.674717471747175
6.545614561456145
6.371527152715272
6.271127112711271
6.115391539153915
5.98970897089709
5.912101210121012
5.789208920892089
5.699309930993099
5.587578757875788
5.474857485748575
5.3644564456445645
5.223392339233923
5.190569056905691
5.066406640664066
5.008310831083108
4.937073707370737
4.818551855185518
4.773147314731474
4.69002900290029
4.622222222222222
4.557335733573358
4.51954195419542
4.4472047204720475
4.402350235023502
4.337003700370037
4.278537853785378
4.180998099809981
4.126212621262126
4.064026402640264
4.000630063006301
3.958315831583158
3.917911791179118
3.8643364336433645
3.7914491449144916
3.7292829282928293
3.6786878687868785
3.651645164516452
3.6136813681368136
3.576127612761276
3.532833283328333
3.4835083508350837
3.448114811481148
3.4203020302030205
3.3881488148814882
3.3551155115511553
3.3270227022702272
3.2692169216921694
3.246974697469747
3.2152815281528153
3.1905590559055907
3.164026402640264
3.1473647364736475
3.1271927192719273
3.1135613561356137
3.091199119911991
3.0733173317331732
3.05978597859786
3.033833383338334
3.015291529152915
2.9942494249424945
2.971277127712771
2.9467446744674466
2.925272527252725
2.9073507350735075
2.881028102810281
2.8594059405940593
2.838903890389039
2.8365636563656365
2.81993199319932
2.8064906490649064
2.7863386338633864
2.7713771377137713
2.7606260626062604
2.7552855285528555
2.7506650665066505
2.7443844384438445
2.74001400140014
2.735843584358436
2.7344834483448346
2.7311431143114313
2.7306530653065306
2.7285128512851284
2.7277627762776278
2.724942494249425
2.720982098209821
2.7203820382038204
2.7162716271627163
2.7149414941494148
2.714141414141414
2.7122512251225124
2.7130913091309132
2.7115711571157117
2.7114811481148116
2.708960896089609
2.7084408440844085
2.7055905590559055
2.706080608060806
2.7065406540654067
2.7046904690469047
2.7015401540154014
2.7002500250025
2.7006500650065006
2.7004600460046007
2.6983198319831985
2.696019601960196
2.6983598359835983
2.696129612961296
2.6952795279527955
2.696719671967197
2.694179417941794
2.6945794579457947
2.695149514951495
2.697209720972097
2.6956895689568956
2.6935993599359938
2.6935093509350936
2.6937793779377937
2.6932293229322934
2.6937293729372938
2.692329232923292
2.6923692369236925
2.6925992599259927
2.690909090909091
2.693119311931193
2.6942094209420944
2.6942594259425943
2.693979397939794
2.6943894389438943
2.695299529952995
2.6947194719471947
2.6963496349634966
2.693949394939494
2.693869386938694
2.6925192519251926
2.696289628962896